images/0.jpg 0 373.0 151.0 176.0 294.0 1 199.0 140.5 176.0 277.0
images/1.jpg 0 215.5 192.5 183.0 187.0 3 360.0 209.5 76.0 71.0
images/2.jpg 3 312.5 212.0 177.0 176.0 3 277.5 167.5 241.0 259.0 0 123.5 153.5 149.0 289.0
images/3.jpg 2 178.0 198.0 304.0 178.0 2 368.5 131.0 293.0 202.0
images/4.jpg 3 152.0 119.0 124.0 118.0 3 297.5 125.0 61.0 50.0 0 247.0 160.0 148.0 224.0 4 247.5 208.0 341.0 194.0
images/5.jpg 0 305.0 168.0 54.0 122.0 0 255.0 170.5 62.0 139.0 4 261.5 204.5 207.0 119.0
images/6.jpg 0 326.0 159.5 68.0 155.0 1 323.5 211.5 215.0 141.0
images/7.jpg 2 282.5 181.5 161.0 153.0 1 198.5 198.5 281.0 373.0
images/8.jpg 2 72.0 214.0 106.0 148.0 3 172.0 204.5 112.0 171.0 2 265.5 184.5 93.0 211.0 3 384.0 161.5 168.0 247.0
images/9.jpg 2 227.0 236.0 238.0 302.0 4 245.5 314.5 355.0 251.0
